85207
44146
44107
89143
85202
28203
15071
44301
44142
44132
28280
85260
85340
85298
85120
53714
89199
44133
89130
85029
15367
29707
89074
15637
85007
44065
15144
44149
53598
15636
44236
85209
15214
15129
61820
89103
53702
85024
15055
44144
85338
85351
53704
44028
61821
89031
85203
85031
85022
44122
28134
89154
15216
85253
44334
85032
15237
89012
85304
85213
85050
15003
85205
44092
15148
28037
89030
85208
85396
44141
85258
53716
15238
44178
15085
15239
85250
85043
89129
44255
44253
15056
28036
85027
28288
85142
28104
15075
28115
53713
15076
28052
28105
53706
89015
28273
53572
85234
53717
61853
44108
44044
89011
28032
28213
61803
44110
89081
89179
15031
15024
89052
61864
89121
29730
89142
15045
44067
89124
85224
44094
44012
53593
28215
85020
15146
15131
15228
85263
44113
53583
28227
44120
44070
15122
85064
15632
89102
28056
44060
15235
15038
85201
85037
15227
44096
85023
15012
15126
28217
44022
85283
85310
28269
85305
89110
85303
89117
53590
53527
85385
53597
85249
44313
44124
89005
44115
98117
44116
44241
44123
44210
44050
85297
15145
44077
85015
85042
89158
44021
89133
85086
85040
44221
85206
89077
85302
85373
15317
44112
28208
85017
28079
15222
44131
15208
85252
89004
85215
15210
28031
28083
85204
89032
44138
44054
44106
89146
28284
28277
85326
85006
89120
28244
89165
44333
89107
15642
53715
61873
28034
89123
15234
15143
89138
28282
85308
15116
44104
44126
85035
85353
85226
44111
61801
15277
44024
15051
28054
85392
53711
44278
53528
53175
85311
15229
89114
15209
15037
89039
44223
85001
15232
44256
89148
85259
89118
85395
15136
28075
28120
44055
15112
28263
15236
89106
89147
61866
44017
85016
15221
89144
89131
15049
85296
28204
44134
15068
85282
15203
28117
44053
85266
61880
29732
44262
15321
53521
89149
85251
44203
15233
89178
89135
85381
89139
28012
44114
29715
44212
28210
85054
85383
15206
85254
44045
85323
85009
15217
15215
85379
85212
53515
28226
85264
85048
15241
28081
85284
85028
85318
28164
89084
89105
89111
85004
15207
85014
53705
15332
85244
15090
44266
85053
28270
44109
15142
89141
15108
15139
85236
28285
12958
44137
85242
89104
85287
15240
15034
53575
85374
53558
15101
44147
85083
85008
15218
44035
15243
89109
16509
15104
15017
44026
89019
28027
28101
44095
85335
89101
15201
85256
89152
89086
85382
85225
15223
15301
44125
85018
85013
28246
85307
44040
44264
89054
15224
85005
15102
88901
15205
85355
44087
15106
28110
44303
44286
44135
61849
29745
15202
44233
15289
61822
12979
53508
89136
44129
44062
28070
89169
44128
28207
15231
61859
94605
85327
89162
53718
28211
15063
28202
15025
15035
85255
89122
85210
85301
28206
28098
85268
29708
85324
85257
85003
89145
44052
53589
85021
85345
15057
85041
53703
89119
15339
44139
44224
61953
85034
89014
85295
44240
15219
15030
53559
44056
28078
44103
28097
44310
15668
44143
44140
44117
85363
89166
85339
15225
85262
89156
89191
28262
44211
15120
29710
85085
89134
85281
53562
85306
44102
44118
85331
44023
60616
89128
15123
85377
28025
15212
28266
53532
44234
85248
28001
85378
28127
86336
85286
28216
44127
15275
15044
61802
44105
15067
85033
85375
44130
44136
28214
15133
15147
28107
28212
44321
44320
15226
85073
85044
89044
85388
44195
27262
85051
85394
89183
15084
44281
44280
44101
28209
44039
89115
53726
44307
53959
75247
15211
85019
53719
28205
89108
44119
89113
18104
28278
15220
44202
15260
61856
44145
44001
44121
15137
53774
89002
61874
15678
85233
15132
28173
85012
15213
44011
